<?xml version="1.0"?>
<opencv_storage>
<img_shape type_id="opencv-matrix">
  <rows>2</rows>
  <cols>1</cols>
  <dt>d</dt>
  <data>
    1080. 1920.</data></img_shape>
<rms>4.3403074168209760e-01</rms>
<cam_int type_id="opencv-matrix">
  <rows>3</rows>
  <cols>3</cols>
  <dt>d</dt>
  <data>
    9.1557500000000005e+02 0. 9.5769000000000005e+02 0.
    9.1542499999999995e+02 5.5635000000000002e+02 0. 0. 1.</data></cam_int>
<cam_dist type_id="opencv-matrix">
  <rows>5</rows>
  <cols>1</cols>
  <dt>d</dt>
  <data>
    4.4700000000000001e-01 -2.5000000000000000e+00
    9.3999999999999997e-04 -5.2999999999999998e-04
    1.4319999999999999e+00</data></cam_dist>
<proj_int type_id="opencv-matrix">
  <rows>3</rows>
  <cols>3</cols>
  <dt>d</dt>
  <data>
    2.4246051917497416e+03 0. 4.4722567492798805e+02 0.
    2.4501128117769272e+03 6.9792836462248806e+02 0. 0. 1.</data></proj_int>
<proj_dist type_id="opencv-matrix">
  <rows>1</rows>
  <cols>5</cols>
  <dt>d</dt>
  <data>
    -7.4089767327391487e-01 1.0614915036168549e+01
    -1.6312384074668288e-02 2.9090407055160524e-02
    -7.4358482544797454e+01</data></proj_dist>
<rotation type_id="opencv-matrix">
  <rows>3</rows>
  <cols>3</cols>
  <dt>d</dt>
  <data>
    9.9895315068536605e-01 2.9045472985823613e-02 3.5340673943914803e-02
    -2.3198083319314479e-02 9.8750432686622502e-01
    -1.5587512101292431e-01 -3.9426535050527213e-02
    1.5489210735061179e-01 9.8714435794082112e-01</data></rotation>
<translation type_id="opencv-matrix">
  <rows>3</rows>
  <cols>1</cols>
  <dt>d</dt>
  <data>
    1.6983057700356653e+02 3.1585044160674730e+01 2.6471669243091884e+02</data></translation>
</opencv_storage>
