<?xml version="1.0"?>
<opencv_storage>
<img_shape type_id="opencv-matrix">
  <rows>2</rows>
  <cols>1</cols>
  <dt>d</dt>
  <data>
    1080. 1920.</data></img_shape>
<rms>5.6894563733379018e+00</rms>
<cam_int type_id="opencv-matrix">
  <rows>3</rows>
  <cols>3</cols>
  <dt>d</dt>
  <data>
    9.1226480484008789e+02 0. 9.5822484970092773e+02 0.
    9.1194574356079102e+02 5.5199123382568359e+02 0. 0. 1.</data></cam_int>
<cam_dist type_id="opencv-matrix">
  <rows>5</rows>
  <cols>1</cols>
  <dt>d</dt>
  <data>
    3.8972100615501404e-01 -2.6030046939849854e+00
    9.3320704763755202e-05 -1.2978589802514762e-04
    1.5574629306793213e+00</data></cam_dist>
<proj_int type_id="opencv-matrix">
  <rows>3</rows>
  <cols>3</cols>
  <dt>d</dt>
  <data>
    2.4566476129682578e+03 0. 8.5690561453777286e+02 0.
    2.4717639931481858e+03 7.3882834353669648e+02 0. 0. 1.</data></proj_int>
<proj_dist type_id="opencv-matrix">
  <rows>1</rows>
  <cols>5</cols>
  <dt>d</dt>
  <data>
    2.0534973604798097e+00 -3.4289891186222079e+01
    -3.1597665209239789e-02 -8.2821689768485571e-02
    2.2198045909530305e+02</data></proj_dist>
<rotation type_id="opencv-matrix">
  <rows>3</rows>
  <cols>3</cols>
  <dt>d</dt>
  <data>
    9.9862206290972777e-01 3.2236452265095077e-02 4.1409982072923866e-02
    -8.7295014402150716e-03 8.8013508872634361e-01
    -4.7464304629613674e-01 -5.1747186150793871e-02
    4.7362752953986065e-01 8.7920372609961317e-01</data></rotation>
<translation type_id="opencv-matrix">
  <rows>3</rows>
  <cols>1</cols>
  <dt>d</dt>
  <data>
    1.0543026276046355e+02 4.0252576901169988e+01 6.2038516767082672e+02</data></translation>
</opencv_storage>
